Dstn={'B001' 'B003' 'B005' 'B006' 'B007' 'B013' 'B014' 'B017' 'B018' 'B019' 'B04A' 'B941' 'B943' 'BD01' 'BD02' 'BD03' 'BD04' 'BD05' 'BD11' 'BLN' 'BS01' 'BS02' 'BS03' 'BS04' 'BS06' 'BS11' 'BS20' 'BS21' 'BS22' 'BS23' 'BS24' 'BS25' 'BS26' 'BS27' 'C04A' 'CPW' 'D03A' 'D03D' 'D04A' 'D04E' 'DOSE' 'E010' 'E020' 'E030' 'E03A' 'E04A' 'E04D' 'E050' 'E060' 'E070' 'EGRN' 'ERW' 'FACA' 'FACB' 'FACC' 'FACD' 'GMW' 'GNW' 'HDW' 'KIMR' 'LRIV' 'N010' 'N015' 'N020' 'N025' 'N030' 'N040' 'N050' 'N060' 'N070' 'N080' 'N085' 'N090' 'N100' 'N110' 'N120' 'N130' 'NLWA' 'OBC' 'OFR' 'OHC' 'OOW' 'OPC' 'OSD' 'OSR' 'PL01' 'PL02' 'PL03' 'PL04' 'PL05' 'PL11' 'S010' 'S015' 'S020' 'S030' 'S040' 'S050' 'S055' 'S060' 'S065' 'S070' 'S080' 'S090' 'S100' 'SMW' 'SQM' 'STW' 'SVOH' 'W020' 'W030' 'W040' 'W060' 'W070' 'W080' 'W090' 'W100' 'W110' 'WISH'};


A=[490.23600000, 5321.09600000;
414.99000000, 5323.86100000;
462.52200000, 5323.04100000;
462.67000000, 5322.95700000;
462.44600000, 5322.82300000;
506.66300000, 5295.52000000;
438.86100000, 5262.52700000;
457.57500000, 5204.87100000;
498.47900000, 5202.88600000;
450.11100000, 5166.77800000;
462.44600000, 5322.81400000;
559.39000000, 5203.99300000;
506.66300000, 5295.54200000;
577.85400000, 5239.96200000;
578.09700000, 5238.76500000;
578.24200000, 5239.22200000;
578.54300000, 5239.34900000;
578.99100000, 5239.75500000;
578.16100000, 5239.59900000;
502.01400000, 5317.09700000;
504.85200000, 5311.94500000;
505.22600000, 5311.71200000;
505.00200000, 5311.27900000;
505.45000000, 5311.29000000;
505.22600000, 5311.47900000;
505.59900000, 5311.50100000;
505.15200000, 5311.25700000;
505.60000000, 5311.32400000;
505.37500000, 5311.70100000;
504.92700000, 5311.81200000;
505.22500000, 5312.33500000;
505.22500000, 5312.11200000;
505.37600000, 5311.03400000;
505.74900000, 5311.10100000;
502.10000000, 5284.89200000;
489.50300000, 5202.24500000;
441.51200000, 5218.35400000;
493.30200000, 5264.59000000;
514.94600000, 5217.50700000;
517.27600000, 5225.03700000;
502.10000000, 5284.86900000;
589.12100000, 5327.87400000;
602.27500000, 5300.05500000;
591.97400000, 5255.59400000;
456.83600000, 5154.85800000;
521.44800000, 5160.02000000;
533.19000000, 5155.98400000;
569.32800000, 5179.88400000;
632.89600000, 5165.12300000;
541.88900000, 5150.77000000;
501.67000000, 5213.31300000;
527.72700000, 5366.83000000;
570.08000000, 5301.54300000;
526.46400000, 5303.82400000;
531.76700000, 5249.80200000;
511.32300000, 5167.60400000;
515.95200000, 5266.05600000;
513.16400000, 5267.87200000;
495.86900000, 5277.21400000;
517.54700000, 5261.09600000;
462.44600000, 5322.81400000;
413.65600000, 5212.47000000;
421.62700000, 5217.91700000;
426.35000000, 5219.40100000;
430.56800000, 5223.25200000;
434.92600000, 5226.59200000;
453.94400000, 5226.88000000;
470.02000000, 5230.15500000;
487.49100000, 5221.90200000;
521.64600000, 5210.96000000;
533.95500000, 5223.54200000;
546.77200000, 5212.98300000;
560.98800000, 5226.12600000;
591.64100000, 5238.20400000;
603.41700000, 5222.21300000;
614.93900000, 5230.34100000;
647.71400000, 5234.46100000;
434.41800000, 5249.06000000;
419.56700000, 5320.76600000;
395.73100000, 5309.81100000;
488.06300000, 5242.28100000;
411.00200000, 5287.43400000;
469.25200000, 5327.50700000;
447.22400000, 5296.11700000;
427.48100000, 5261.78500000;
488.16600000, 5256.00700000;
488.09000000, 5255.38500000;
488.69300000, 5255.69500000;
488.84300000, 5255.13900000;
489.14600000, 5256.03900000;
488.39200000, 5255.66200000;
436.36400000, 5212.30600000;
450.08500000, 5218.38700000;
458.23000000, 5211.64500000;
477.50900000, 5208.44000000;
497.94900000, 5209.62100000;
509.80600000, 5205.92800000;
520.51200000, 5187.35300000;
536.64700000, 5204.91000000;
547.17700000, 5190.54800000;
557.49600000, 5203.27400000;
576.93200000, 5206.10600000;
611.39800000, 5205.05000000;
643.89200000, 5204.69000000;
474.00400000, 5240.72200000;
496.49900000, 5324.89400000;
450.09200000, 5333.26400000;
527.22300000, 5348.51000000;
504.03800000, 5302.19700000;
506.66300000, 5295.52000000;
490.90500000, 5271.96200000;
476.42200000, 5240.73900000;
482.64200000, 5196.79900000;
478.21800000, 5173.65600000;
467.52300000, 5160.42500000;
448.96200000, 5139.31700000;
478.01200000, 5116.35300000;
441.51200000, 5218.45200000];

Dx=A(:,1)';
Dy=A(:,2)';

save Dstations.mat Dstn Dx Dy
